2007 12 01 00 station002  41.308 -95.99 45
2007 12 01 00 station002  37.190 -93.24 05
2007 12 01 00 station002  32.733 -97.44 05
2007 12 01 00 station002  40.886 -73.09 45
2007 12 01 00 station002  40.880 -73.09 45
2007 12 01 00 station002  41.069 -95.77 45
2007 12 01 00 station002  28.864 -98.70 05
2007 12 01 00 station002  27.868 -82.24 45
2007 12 01 00 station002  42.768 -95.55 45
2007 12 01 00 station002  42.425 -71.11 45
2007 12 01 00 station002  40.865 -73.06 45
2007 12 01 00 station002  28.957 -81.72 45
2007 12 01 00 station002  28.957 -81.72 45
2007 12 01 00 station002  40.540 -112.2 45
2007 12 01 00 station002  42.197 -71.21 45
2007 12 01 00 station002  27.868 -82.24 45
2007 12 01 00 station002  28.547 -81.33 45
2007 12 01 00 station002  40.622 -111.8 45
2007 12 01 00 station002  43.142 -77.67 05
2007 12 01 00 station002  41.532 -112.0 45
2007 12 01 00 station002  42.487 -71.20 45
2007 12 01 00 station002  42.582 -87.91 45
2007 12 01 00 station002  47.475 -111.3 45
2007 12 01 00 station002  41.990 -87.78 45
2007 12 01 00 station002  41.990 -87.78 45
2007 12 01 00 station002  41.990 -87.78 45
2007 12 01 00 station002  41.990 -87.78 45
2007 12 01 00 station002  38.205 -99.08 45
2007 12 01 00 station002  37.969 -98.40 45
2007 12 01 00 station002  37.969 -98.40 45
2007 12 01 00 station002  41.274 -96.14 45
2007 12 01 00 station002  45.477 -122.5 45
2007 12 01 00 station002  39.359 -96.92 45
2007 12 01 00 station002  35.357 -94.40 05
2007 12 01 00 station002  47.699 -117.4 45
2007 12 01 00 station002  39.022 -98.52 45
2007 12 01 00 station002  41.990 -87.78 45
2007 12 01 00 station002  41.990 -87.78 45
2007 12 01 00 station002  39.161 -77.20 05
2007 12 01 00 station002  42.002 -87.85 45
2007 12 01 00 station002  35.637 -97.29 05
2007 12 01 00 station002  35.637 -97.29 05
2007 12 01 00 station002  39.116 -77.20 05
2007 12 01 00 station002  47.622 -117.4 45
2007 12 01 00 station002  44.952 -123.0 05
2007 12 01 00 station002  42.035 -87.82 45
2007 12 01 00 station002  41.961 -87.68 45
2007 12 01 00 station002  46.009 -98.52 45
2007 12 01 00 station002  47.507 -122.2 45
2007 12 01 00 station002  46.858 -114.0 45
2007 12 01 00 station002  43.017 -85.71 05
2007 12 01 00 station002  46.892 -114.0 45
2007 12 01 00 station002  43.793 -87.76 45
2007 12 01 00 station002  42.028 -88.23 05
2007 12 01 00 station002  38.858 -78.57 05
2007 12 01 00 station002  41.532 -112.0 45
2007 12 01 00 station002  38.676 -97.70 45
2007 12 01 00 station002  38.857 -78.57 45
2007 12 01 00 station002  39.286 -77.85 45
2007 12 01 00 station002  41.308 -95.99 05
2007 12 01 00 station002  39.059 -98.53 45
2007 12 01 00 station002  40.766 -73.01 45
2007 12 01 00 station002  41.308 -95.99 45
2007 12 01 00 station002  41.687 -87.79 45
2007 12 01 00 station002  39.038 -98.14 45
2007 12 01 00 station002  42.576 -94.19 45
2007 12 01 00 station002  40.865 -73.06 05
2007 12 01 00 station002  39.117 -77.19 05
2007 12 01 00 station002  39.074 -77.54 05
2007 12 01 00 station002  39.824 -77.19 05
2007 12 01 00 station002  39.149 -77.21 05
2007 12 01 00 station002  42.672 -71.35 45
2007 12 01 00 station002  39.286 -77.85 45
2007 12 01 00 station002  45.395 -122.7 45
2007 12 01 00 station002  39.038 -98.14 45
2007 12 01 00 station002  42.221 -78.53 45
2007 12 01 00 station002  39.052 -77.42 45
2007 12 01 00 station002  39.052 -77.42 45
2007 12 01 00 station002  39.809 -76.98 45
2007 12 01 00 station002  42.221 -78.53 45
2007 12 01 00 station002  40.809 -73.10 45
2007 12 01 00 station002  44.952 -123.0 05
2007 12 01 00 station002  39.119 -97.71 45
2007 12 01 00 station002  38.785 -77.66 45
2007 12 01 00 station002  42.514 -93.37 45
2007 12 01 00 station002  40.815 -73.11 45
2007 12 01 00 station002  39.053 -77.42 45
2007 12 01 00 station002  42.482 -71.31 45
2007 12 01 00 station002  41.743 -72.68 05
2007 12 01 00 station002  37.959 -98.40 45
2007 12 01 00 station002  40.338 -80.11 45
2007 12 01 00 station002  38.366 -87.54 05
2007 12 01 00 station002  39.809 -76.98 45
2007 12 01 00 station002  36.414 -81.47 05
2007 12 01 00 station002  40.458 -112.3 45
2007 12 01 00 station002  41.044 -96.01 45
2007 12 01 00 station002  42.036 -89.33 05
2007 12 01 00 station002  39.162 -77.19 45
2007 12 01 00 station002  39.162 -77.19 45
2007 12 01 00 station002  40.427 -80.00 45
2007 12 01 00 station002  39.077 -77.01 45
2007 12 01 00 station002  36.519 -80.64 05
2007 12 01 00 station002  39.137 -77.00 45
2007 12 01 00 station002  39.325 -76.86 45
2007 12 01 00 station002  38.920 -77.32 45
2007 12 01 00 station002  34.705 -76.98 05
2007 12 01 00 station002  38.917 -77.02 45
2007 12 01 00 station002  39.195 -76.85 45
2007 12 01 00 station002  40.802 -96.68 45
2007 12 01 00 station002  38.987 -77.00 45
2007 12 01 00 station002  38.809 -97.61 05
2007 12 01 00 station002  40.807 -96.66 45
2007 12 01 00 station002  42.269 -72.68 45
2007 12 01 00 station002  37.954 -87.46 05
2007 12 01 00 station002  42.659 -71.34 45
2007 12 01 00 station002  36.451 -99.04 45
2007 12 01 00 station002  36.260 -95.96 05
2007 12 01 00 station002  35.294 -99.64 45
2007 12 01 00 station002  44.892 -93.26 45
2007 12 01 00 station002  35.294 -99.64 45
2007 12 01 00 station002  40.044 -105.2 05
2007 12 01 00 station002  38.804 -97.61 45
2007 12 01 00 station002  42.991 -83.81 45
2007 12 01 00 station002  40.130 -74.21 45
2007 12 01 00 station002  41.306 -96.32 35
2007 12 01 00 station002  41.296 -96.30 45
2007 12 01 00 station002  41.296 -96.30 45
2007 12 01 00 station002  39.192 -94.68 45
2007 12 01 00 station002  38.980 -94.64 45
2007 12 01 00 station002  38.972 -94.58 45
2007 12 01 00 station002  38.972 -94.58 05
2007 12 01 00 station002  38.972 -94.58 05
2007 12 01 00 station002  41.394 -95.02 45
2007 12 01 00 station002  38.972 -94.58 45
2007 12 01 00 station002  35.749 -98.74 45
2007 12 01 00 station002  43.475 -84.04 45
2007 12 01 00 station002  44.953 -123.0 05
2007 12 01 00 station002  47.507 -122.2 05
2007 12 01 00 station002  34.620 -98.47 45
2007 12 01 00 station002  38.972 -94.58 45
2007 12 01 00 station002  040.13 -74.21 45
2007 12 01 00 station002  40.172 -74.23 45
2007 12 01 00 station002  44.909 -89.58 45
2007 12 01 00 station002  39.105 -95.54 45
2007 12 01 00 station002  41.479 -73.11 45
2007 12 01 00 station002  36.034 -97.17 45
2007 12 01 00 station002  30.184 -93.22 45
2007 12 01 00 station002  39.878 -94.66 45
2007 12 01 00 station002  40.891 -73.35 45
2007 12 01 00 station002  40.815 -73.11 45
2007 12 01 00 station002  41.151 -73.22 45
2007 12 01 00 station002  38.776 -77.29 45
2007 12 01 00 station002  035.85 -80.32 05
2007 12 01 00 station002  39.053 -77.42 45
2007 12 01 00 station002  43.142 -77.67 05
2007 12 01 00 station002  40.706 -74.00 45
2007 12 01 00 station002  39.414 -74.71 05
2007 12 01 00 station002  42.511 -76.91 45
2007 12 01 00 station002  42.400 -71.60 45
2007 12 01 00 station002  40.726 -74.00 45
2007 12 01 00 station002  33.498 -101.8 05
2007 12 01 00 station002  39.193 -94.54 45
2007 12 01 00 station002  44.033 -70.97 05
2007 12 01 00 station002  35.357 -94.40 05
2007 12 01 00 station002  36.751 -95.92 45
2007 12 01 00 station002  43.911 -69.91 45
2007 12 01 00 station002  28.311 -81.55 45
2007 12 01 00 station002  40.552 -81.78 45
2007 12 01 00 station002  40.888 -77.77 05
2007 12 01 00 station002  40.888 -77.77 05
2007 12 01 00 station002  40.887 -78.21 05
2007 12 01 00 station002  42.480 -76.48 05
2007 12 01 00 station002  38.205 -99.08 05
2007 12 01 00 station002  39.059 -98.53 45
2007 12 01 00 station002  40.888 -77.77 55
2007 12 01 00 station002  40.888 -77.77 55
2007 12 01 00 station002  40.887 -78.21 55
2007 12 01 00 station002  42.480 -76.48 55
2007 12 01 00 station002  38.205 -99.08 55
2007 12 01 00 station002  39.059 -98.53 55
